1 1
2 1
3 3
4 11
5 39
6 141
7 494
8 1725
9 5953
10 20492
11 70207
12 240330
13 821469
14 2806865
15 9586426
16 32737688
17 111784113
18 381680310
19 1303173652
20 4449397644
21 15191311347
22 51866664316
23 177084256430
24 604604415892
25 2064249891024
26 7047793144939
27 24062675269418
28 82155122952324
29 280495149543754
30 957670379932514
31 3269691248591447
32 11163424328328434
33 38114314910750347
34 130130411305598221
35 444293015721640927
36 1516911241362390783
37 5179058935097305946
38 17682413261367519889
39 60371535178989402436
40 206121314205850500533
41 703742186478073180136
42 2402726117543665658732
43 8203420097261648822542
44 28008228154106216285867
45 95626072422048679331219
46 326487833380483795388899
47 1114699188678339677033794
48 3805821087954102804413791
49 12993885974461444466718051
50 44363901721943414745460125
51 151467834938856615008000138
52 517143536311559574771806371
53 1765638475368545018935614261
54 6028266828851129011327555925
55 20581790364667494107529132765
56 70270627800967950840901547809
57 239918930474537047622118189268
58 819134466296213082331810341277
59 2796700004235779027703508192677
60 9548531084350692655275419903266
61 32600724328931215275072198906762
62 111305835147023485038893796223579
63 380021891930231518855259302750641
64 1297475897426879136920973059790411
65 4429859805847053541552746619613415
66 15124487428534456000179822691778768
67 51638230102443717025428933446078145
68 176303945552705956469438944168164882
69 601939322005936392194992304092971206
70 2055149396918333657097789934366212634
71 7016718943661461845257902651284168862
72 23956576980809180071126628824424380414
73 81792870035913796598281384218841202861
74 279258326182036826265521192807050658022
75 953447564656319711880171117373022886899
76 3255273606261205195039656344545387590109
77 11114199295732181356448297915373271954619
78 37946249970406315035884637657117486945594
79 129556601290160897430812714826186364016728
80 442333905219830959652064588801917537405448
81 1510222418299002043747215933904701333490423
82 5156221862756346255686725056396134934453029
83 17604442614427380935254458865245346573067855
84 60105326732196831229651181322778313602101417
85 205212421699932563048102603559070276151840540
86 700639033335336589733131254467742249701342806
87 2392131289941481232836343013692546041682248353
88 8167247093095251751879188765331412291217863296
89 27884725792498044541844148253599407062127888633
90 95204408983801674663618485955802916972858465913
91 325048184350210609570785917788506203396655785703
92 1109783919433239088955907622691264490733044831317
93 3789039309032535136682059578638007165703411174442
94 12936589397263662368816426222019635661859731166528
95 44168278970989579201901588883655562912814596787298
96 150799937089430992069973513855082905159776104019687
97 514863190415744809876090888417528017352898136886161
98 1757852887484117255364416562712237993205024925918988
99 6001685169104979401705484510766207596573571661360624
100 20491034901451683096093105043120501637446349868609604
